Game played on : 2021-01-08 at : 11-42-59

(6, 13)
(6, 14)
(7, 14)
(4, 14)
(5, 14)
(5, 15)
(6, 15)
Capture :  (6 14),
(4, 16)
(4, 15)
(3, 15)
Capture :  (4 15),
(4, 13)
(5, 13)
(3, 14)
(5, 12)
(4, 15)
Capture :  (4 14),
(4, 14)
Capture :  (4 15),
(4, 15)
Capture :  (4 14),
(4, 14)
Capture :  (4 15),
(4, 15)
Capture :  (4 14),
(4, 14)
Capture :  (4 15),
(4, 15)
Capture :  (4 14),
(4, 14)
Capture :  (4 15),
(5, 11)
(4, 15)
(4, 12)
(6, 14)
Capture :  (5 14),
(6, 12)
(3, 13)
(5, 14)
Capture :  (5 13), (5 12),
Capture :  (6 14),
(7, 13)
(8, 13)
(8, 14)
(7, 12)
Capture :  (7 13),
(7, 15)
(8, 15)
(8, 16)
(7, 16)
Capture :  (7 15),
(9, 16)
(9, 14)
Capture :  (8 14),
(5, 16)
(6, 16)
(6, 17)
(5, 17)
(4, 17)
(3, 17)
(5, 18)
Capture :  (5 17),
(3, 16)
(5, 17)
(2, 15)
(4, 18)
(6, 18)
(7, 17)
(3, 18)
(7, 18)
Capture :  (6 18),
(8, 18)
(9, 17)
(8, 17)
(10, 17)
(6, 18)
Capture :  (6 17), (5 17), (5 16), (5 15), (4 15), (4 14), (4 16), (4 17), (4 18), (5 18), (3 15), (7 17), (7 18),
(10, 16)
(10, 18)
(9, 18)
(10, 15)
(11, 17)
(11, 18)
(11, 15)
(12, 16)
(11, 16)
(11, 14)
(12, 17)
(12, 15)
(12, 18)
Capture :  (11 18), (10 18),
(13, 17)
(14, 17)
(13, 18)
(12, 13)
(9, 15)
(14, 14)
(10, 18)
(14, 13)
(11, 18)
Capture :  (11 17), (11 16), (11 15), (10 16), (10 17), (9 17), (9 16), (8 16), (9 18), (12 17), (12 18),
(2, 12)
(2, 13)
(2, 14)
(3, 12)
Capture :  (3 13),
(1, 13)
(3, 13)
(11, 11)
(11, 15)
(9, 16)