Game played on : 2021-01-02 at : 10-21-36

(6, 8)
(7, 8)
(7, 9)
(8, 9)
(8, 8)
(9, 8)
(7, 7)
Capture :  (7 8),
(8, 7)
(9, 9)
(7, 8)
Capture :  (8 8),
(8, 8)
Capture :  (7 8),
(7, 8)
Capture :  (8 8),
(8, 8)
Capture :  (7 8),
(7, 8)
Capture :  (8 8),
(8, 8)
Capture :  (7 8),
(10, 8)
(8, 10)
Capture :  (8 9),
(10, 9)
(8, 9)
(9, 10)
(7, 10)
(8, 11)
(7, 15)
(7, 11)
(3, 12)
(6, 10)
(2, 9)
(6, 9)
(2, 4)
(5, 8)
(6, 4)
(6, 7)
(5, 4)
(7, 6)
(10, 5)
(7, 8)
Capture :  (7 7),
Capture :  (7 9), (7 10), (8 10), (8 9), (8 8), (9 9),
Capture :  (6 8),